run  topography  tau0 mean transport
003           2   0.1 0.25512816E+03
004           1   0.1 0.21126089E+03
005           3   0.1 0.10213368E+03
006           3   0.2 0.14926257E+03
007           3   0.3 0.17275019E+03
008           3   0.4 0.18526922E+03
009           3   0.5 0.19223318E+03
010           1   0.2 0.37190281E+03
011           1   0.3 0.53883523E+03
012           1   0.4 0.65009381E+03
013           1   0.5 0.66436129E+03
014           0   0.1 0.63459270E+03
015           A   0.1 0.21242818E+03
016           A   0.4 0.65485053E+03
017           A   0.7 0.75283164E+03
018           A   1.0 0.97248549E+03
019           B   0.1 0.14280917E+03
020           B   0.4 0.24162596E+03
021           B   0.7 0.28225130E+03
022           B   1.0 0.29926167E+03
023           C   0.1 0.14335752E+03
024           C   0.4 0.26990213E+03
025           C   0.7 0.36586627E+03
026           C   1.0 0.39147433E+03
