  -10000.0000000000     
   10000.0000000000     
   20000.0000000000     
   30000.0000000000     
   40000.0000000000     
   50000.0000000000     
   60000.0000000000     
   70000.0000000000     
   80000.0000000000     
   90000.0000000000     
   100000.000000000     
   110000.000000000     
   120000.000000000     
   130000.000000000     
   140000.000000000     
   150000.000000000     
   160000.000000000     
   170000.000000000     
   180000.000000000     
   190000.000000000     
   200000.000000000     
   210000.000000000     
   220000.000000000     
   230000.000000000     
   240000.000000000     
   250000.000000000     
   260000.000000000     
   270000.000000000     
   280000.000000000     
   290000.000000000     
   300000.000000000     
   310000.000000000     
   320000.000000000     
   330000.000000000     
   340000.000000000     
   350000.000000000     
   360000.000000000     
   370000.000000000     
   380000.000000000     
   390000.000000000     
   400000.000000000     
   410000.000000000     
   420000.000000000     
   430000.000000000     
   440000.000000000     
   450000.000000000     
   460000.000000000     
   470000.000000000     
   480000.000000000     
   490000.000000000     
   500000.000000000     
   510000.000000000     
   520000.000000000     
   530000.000000000     
   540000.000000000     
   550000.000000000     
   560000.000000000     
   570000.000000000     
   580000.000000000     
   590000.000000000     
   600000.000000000     
   610000.000000000     
   620000.000000000     
   630000.000000000     
   640000.000000000     
   650000.000000000     
   660000.000000000     
   670000.000000000     
   680000.000000000     
   690000.000000000     
   700000.000000000     
   710000.000000000     
   720000.000000000     
   730000.000000000     
   740000.000000000     
   750000.000000000     
   760000.000000000     
   770000.000000000     
   780000.000000000     
   790000.000000000     
   800000.000000000     
   810000.000000000     
   820000.000000000     
   830000.000000000     
   840000.000000000     
   850000.000000000     
   860000.000000000     
   870000.000000000     
   880000.000000000     
   890000.000000000     
   900000.000000000     
   910000.000000000     
   920000.000000000     
   930000.000000000     
   940000.000000000     
   950000.000000000     
   960000.000000000     
   970000.000000000     
   980000.000000000     
   990000.000000000     
   1000000.00000000     
   1010000.00000000     
   1020000.00000000     
   1030000.00000000     
   1040000.00000000     
   1050000.00000000     
   1060000.00000000     
   1070000.00000000     
   1080000.00000000     
   1090000.00000000     
   1100000.00000000     
   1110000.00000000     
   1120000.00000000     
   1130000.00000000     
   1140000.00000000     
   1150000.00000000     
   1160000.00000000     
   1170000.00000000     
   1180000.00000000     
   1190000.00000000     
   1200000.00000000     
   1210000.00000000     
   1220000.00000000     
   1230000.00000000     
   1240000.00000000     
   1250000.00000000     
   1260000.00000000     
   1270000.00000000     
   1280000.00000000     
   1290000.00000000     
   1300000.00000000     
   1310000.00000000     
   1320000.00000000     
   1330000.00000000     
   1340000.00000000     
   1350000.00000000     
   1360000.00000000     
   1370000.00000000     
   1380000.00000000     
   1390000.00000000     
   1400000.00000000     
   1410000.00000000     
   1420000.00000000     
   1430000.00000000     
   1440000.00000000     
   1450000.00000000     
   1460000.00000000     
   1470000.00000000     
   1480000.00000000     
   1490000.00000000     
   1500000.00000000     
   1510000.00000000     
   1520000.00000000     
   1530000.00000000     
   1540000.00000000     
   1550000.00000000     
   1560000.00000000     
   1570000.00000000     
   1580000.00000000     
   1590000.00000000     
   1600000.00000000     
   1610000.00000000     
   1620000.00000000     
   1630000.00000000     
   1640000.00000000     
   1650000.00000000     
   1660000.00000000     
   1670000.00000000     
   1680000.00000000     
   1690000.00000000     
   1700000.00000000     
   1710000.00000000     
   1720000.00000000     
   1730000.00000000     
   1740000.00000000     
   1750000.00000000     
   1760000.00000000     
   1770000.00000000     
   1780000.00000000     
   1790000.00000000     
   1800000.00000000     
   1810000.00000000     
   1820000.00000000     
   1830000.00000000     
   1840000.00000000     
   1850000.00000000     
   1860000.00000000     
   1870000.00000000     
   1880000.00000000     
   1890000.00000000     
   1900000.00000000     
   1910000.00000000     
   1920000.00000000     
   1930000.00000000     
   1940000.00000000     
   1950000.00000000     
   1960000.00000000     
   1970000.00000000     
   1980000.00000000     
   1990000.00000000     
   2000000.00000000     
   2010000.00000000     
   2020000.00000000     
   2030000.00000000     
   2040000.00000000     
   2050000.00000000     
   2060000.00000000     
   2070000.00000000     
   2080000.00000000     
   2090000.00000000     
   2100000.00000000     
   2110000.00000000     
   2120000.00000000     
   2130000.00000000     
   2140000.00000000     
   2150000.00000000     
   2160000.00000000     
   2170000.00000000     
   2180000.00000000     
   2190000.00000000     
   2200000.00000000     
   2210000.00000000     
   2220000.00000000     
   2230000.00000000     
   2240000.00000000     
   2250000.00000000     
   2260000.00000000     
   2270000.00000000     
   2280000.00000000     
   2290000.00000000     
   2300000.00000000     
   2310000.00000000     
   2320000.00000000     
   2330000.00000000     
   2340000.00000000     
   2350000.00000000     
   2360000.00000000     
   2370000.00000000     
   2380000.00000000     
   2390000.00000000     
   2400000.00000000     
   2410000.00000000     
   2420000.00000000     
   2430000.00000000     
   2440000.00000000     
   2450000.00000000     
   2460000.00000000     
   2470000.00000000     
   2480000.00000000     
   2490000.00000000     
   2500000.00000000     
   2510000.00000000     
   2520000.00000000     
   2530000.00000000     
   2540000.00000000     
   2550000.00000000     
   2560000.00000000     
   2570000.00000000     
   2580000.00000000     
   2590000.00000000     
   2600000.00000000     
   2610000.00000000     
   2620000.00000000     
   2630000.00000000     
   2640000.00000000     
   2650000.00000000     
   2660000.00000000     
   2670000.00000000     
   2680000.00000000     
   2690000.00000000     
   2700000.00000000     
   2710000.00000000     
   2720000.00000000     
   2730000.00000000     
   2740000.00000000     
   2750000.00000000     
   2760000.00000000     
   2770000.00000000     
   2780000.00000000     
   2790000.00000000     
   2800000.00000000     
   2810000.00000000     
   2820000.00000000     
   2830000.00000000     
   2840000.00000000     
   2850000.00000000     
   2860000.00000000     
   2870000.00000000     
   2880000.00000000     
   2890000.00000000     
   2900000.00000000     
   2910000.00000000     
   2920000.00000000     
   2930000.00000000     
   2940000.00000000     
   2950000.00000000     
   2960000.00000000     
   2970000.00000000     
   2980000.00000000     
   2990000.00000000     
   3000000.00000000     
   3010000.00000000     
   3020000.00000000     
   3030000.00000000     
   3040000.00000000     
   3050000.00000000     
   3060000.00000000     
   3070000.00000000     
   3080000.00000000     
   3090000.00000000     
   3100000.00000000     
   3110000.00000000     
   3120000.00000000     
   3130000.00000000     
   3140000.00000000     
   3150000.00000000     
   3160000.00000000     
   3170000.00000000     
   3180000.00000000     
   3190000.00000000     
   3200000.00000000     
   3210000.00000000     
   3220000.00000000     
   3230000.00000000     
   3240000.00000000     
   3250000.00000000     
   3260000.00000000     
   3270000.00000000     
   3280000.00000000     
   3290000.00000000     
   3300000.00000000     
   3310000.00000000     
   3320000.00000000     
   3330000.00000000     
   3340000.00000000     
   3350000.00000000     
   3360000.00000000     
   3370000.00000000     
   3380000.00000000     
   3390000.00000000     
   3400000.00000000     
   3410000.00000000     
   3420000.00000000     
   3430000.00000000     
   3440000.00000000     
   3450000.00000000     
   3460000.00000000     
   3470000.00000000     
   3480000.00000000     
   3490000.00000000     
   3500000.00000000     
   3510000.00000000     
   3520000.00000000     
   3530000.00000000     
   3540000.00000000     
   3550000.00000000     
   3560000.00000000     
   3570000.00000000     
   3580000.00000000     
   3590000.00000000     
   3600000.00000000     
   3610000.00000000     
   3620000.00000000     
   3630000.00000000     
   3640000.00000000     
   3650000.00000000     
   3660000.00000000     
   3670000.00000000     
   3680000.00000000     
   3690000.00000000     
   3700000.00000000     
   3710000.00000000     
   3720000.00000000     
   3730000.00000000     
   3740000.00000000     
   3750000.00000000     
   3760000.00000000     
   3770000.00000000     
   3780000.00000000     
   3790000.00000000     
   3800000.00000000     
   3810000.00000000     
   3820000.00000000     
   3830000.00000000     
   3840000.00000000     
   3850000.00000000     
   3860000.00000000     
   3870000.00000000     
   3880000.00000000     
   3890000.00000000     
   3900000.00000000     
   3910000.00000000     
   3920000.00000000     
   3930000.00000000     
   3940000.00000000     
   3950000.00000000     
   3960000.00000000     
   3970000.00000000     
   3980000.00000000     
   3990000.00000000     
   4000000.00000000     
   4010000.00000000     
