   1000000.00000000     
   990000.000000000     
   980000.000000000     
   970000.000000000     
   960000.000000000     
   950000.000000000     
   940000.000000000     
   930000.000000000     
   920000.000000000     
   910000.000000000     
   900000.000000000     
   890000.000000000     
   880000.000000000     
   870000.000000000     
   860000.000000000     
   850000.000000000     
   840000.000000000     
   830000.000000000     
   820000.000000000     
   810000.000000000     
   800000.000000000     
   790000.000000000     
   780000.000000000     
   770000.000000000     
   760000.000000000     
   750000.000000000     
   740000.000000000     
   730000.000000000     
   720000.000000000     
   710000.000000000     
   700000.000000000     
   690000.000000000     
   680000.000000000     
   670000.000000000     
   660000.000000000     
   650000.000000000     
   640000.000000000     
   630000.000000000     
   620000.000000000     
   610000.000000000     
   600000.000000000     
   590000.000000000     
   580000.000000000     
   570000.000000000     
   560000.000000000     
   550000.000000000     
   540000.000000000     
   530000.000000000     
   520000.000000000     
   510000.000000000     
   500000.000000000     
   490000.000000000     
   480000.000000000     
   470000.000000000     
   460000.000000000     
   450000.000000000     
   440000.000000000     
   430000.000000000     
   420000.000000000     
   410000.000000000     
   400000.000000000     
   390000.000000000     
   380000.000000000     
   370000.000000000     
   360000.000000000     
   350000.000000000     
   340000.000000000     
   330000.000000000     
   320000.000000000     
   310000.000000000     
   300000.000000000     
   290000.000000000     
   280000.000000000     
   270000.000000000     
   260000.000000000     
   250000.000000000     
   240000.000000000     
   230000.000000000     
   220000.000000000     
   210000.000000000     
   200000.000000000     
   190000.000000000     
   180000.000000000     
   170000.000000000     
   160000.000000000     
   150000.000000000     
   140000.000000000     
   130000.000000000     
   120000.000000000     
   110000.000000000     
   100000.000000000     
   90000.0000000000     
   80000.0000000000     
   70000.0000000000     
   60000.0000000000     
   50000.0000000000     
   40000.0000000000     
   30000.0000000000     
   20000.0000000000     
   10000.0000000000     
  0.000000000000000E+000
